27343745
66328120
66015620
64453120
75687495
72187495
71874995
114746870
110859370
149921870
124511745
124433745
120996245
120608745
121006245
120918745
123731245
120606245
120531245
123343745
120218745
120468745
121718745
120156245
118593745
121406245
119843745
159668120
198730620
163340620
202403120
161140620
200203120
162328120
201390620
160390620
199453120
158828120
197890620
157265620
196328120
169824297
169436797
173308597
169433597
169824218
169436718
169433618
169824296
169436796
169432995
169430495
169823596
169436096
173292995
173230495
173105495
169355495
172167995
169042995
169746096
172558596
169433596
169432495
169429995
169417495
169814995
169427495
173089995
169339995
172152495
171152495
169589995
170839995
169277495
172089995
168964995
167402495
170214995
168652495
170452495
169349995
167474995
169599995
167412495
169649995
170899995
169274995
170524995
172699995
169262495
172074995
172324995
170762495
169199995
172012495
170449995
168887495
167324995
170137495
168574995
168262495
168874995
168562495
171937495
170374995
168812495
170062495
168499995
166937495
166312495
166874995
168124995
166562495
166249995
211152370
212167971
209949370
209511870
206074370
207559370
218183547
216308547
218261708
216246047
218263047
218245547
218168047
218418047
216230547
218666447
218650947
218263447
218261688
218260447
218261588
218652268
218264768
218261668
221384847
218259847
218260968
218252347
218650468
218262968
221989847
222039847
218245468
221652347
218642968
221902347
218255468
218027347
219277347
218167968
217089847
218417968
219667968
217480468
219280468
219277368
218183546
218263046
218245546
218168046
218418046
218666446
218257245
218254745
218650946
218263446
218260446
218256745
220994245
218254245
218241745
220916745
218260346
218164245
219276745
221924245
218174245
217861745
216299245
221384846
218259846
221974245
221911745
218474245
219724245
218257346
218099245
218244846
221961745
221649245
218642346
221899245
218254846
218086745
220899245
218024245
219274245
218167346
217086745
218417346
219667346
217479846
219279846
221886745
221261745
220949245
218564846
218252346
222114846
221199245
219636745
220886745
221927346
220824245
217699245
220102346
218949245
221914846
217386745
218477346
220761745
219199245
217636745
218886745
221902346
217324245
215761745
217011745
218089846
220902346
215136745
221152346
219589846
218027346
219277346
217714846
218964846
217402346
217089846
216301245
218026245
217401245
215838745
217088745
215138745
218223745
218161245
218086245
219336245
217773745
219273745
219261245
217698745
218948745
215823745
218158745
216283745
218408745
219658745
216221245
218458745
219708745
218083745
219333745
219271245
215833745
220883745
218008745
217696245
218946245
221183745
219621245
218058745
220871245
218996245
221121245
220808745
217683745
217371245
220746245
219183745
217621245
217308745
215746245
216996245
215121245
218808745
217246245
215683745
216933745
215371245
215058745
216143745
216068745
217318745
215756245
217993745
216118745
218931245
217368745
219181245
217618745
216056245
217306245
216931245
219543745
217981245
220793745
219231245
217606245
217293745
217231245
215668745
216918745
215043745
216856245
215293745
214981245
216906245
215031245
215281245
214906245
