W001  | 1| 1|1|o|o|0,1,0,0,0,0,0,0,0|0,1,0,0,0,0,0,0,0|-|1| 3|
W002  | 4| 2|1|o|o|0,2,0,0,0,0,0,0,0|0,1,0,0,0,0,0,0,0|a|2| 4|
W003  | 4| 2|2|o|o|0,1,1,0,0,0,0,0,0|1,0,0,1,0,0,0,0,0|-|2| 8|
W004  | 4| 2|3|o|o|0,1,0,1,0,0,0,0,0|0,0,1,0,0,0,0,0,0|-|1| 4|
W005  | 4| 4|2|o|o|0,3,1,0,0,0,0,0,0|1,0,1,1,0,0,0,0,0|-|3|11|
W006  | 4| 4|3|o|o|0,3,0,1,0,0,0,0,0|0,0,1,1,0,0,0,0,0|-|2| 7|
W007  | 4| 4|4|o|o|0,1,1,1,1,0,0,0,0|0,1,0,0,1,0,0,0,0|-|2| 6|
W008  | 7| 5|3|o|x|0,3,1,1,0,0,0,0,0|0,1,0,0,1,0,0,0,0|a|3| 7|
W009  | 7| 5|5|x|x|0,1,1,1,1,1,0,0,0|1,0,0,1,0,0,1,0,0|-|3|11|
W010  | 7| 7|3|x|o|0,4,1,2,0,0,0,0,0|1,0,1,1,0,0,0,0,0|-|3| 9|
W011  | 7| 7|3|o|o|0,3,3,1,0,0,0,0,0|0,1,1,1,1,0,0,0,0|-|4| 9|
W012  | 7| 7|3|o|o|0,3,2,2,0,0,0,0,0|0,1,1,1,1,0,0,0,0|-|4| 9|
W013  | 7| 7|4|o|x|0,3,2,1,1,0,0,0,0|1,0,1,1,0,1,0,0,0|-|4|13|
W014  | 7| 7|3|o|o|0,3,1,3,0,0,0,0,0|1,1,1,1,1,0,0,0,0|-|5|13|
W015  | 7| 7|4|o|x|0,3,1,2,1,0,0,0,0|0,0,1,1,0,1,0,0,0|-|3| 9|
W016  | 7| 7|5|o|o|0,3,1,1,1,1,0,0,0|1,0,1,1,0,1,1,0,0|-|5|17|
W017  | 7| 7|6|o|o|0,3,1,1,1,0,1,0,0|0,0,0,0,0,1,1,0,0|-|2| 7|
W018  | 7| 7|5|o|x|0,3,0,2,1,1,0,0,0|0,0,1,1,0,0,1,0,0|-|3|10|
W019  | 7| 7|6|o|o|0,3,0,1,1,1,1,0,0|0,0,1,1,0,0,1,0,0|-|3|10|
W020  | 7| 7|5|o|o|0,3,0,1,0,3,0,0,0|0,0,1,1,1,0,0,0,0|-|3|11|
W021  | 7| 7|3|o|x|0,2,4,1,0,0,0,0,0|1,1,0,1,1,0,0,0,0|-|4|13|
W022  | 7| 7|3|o|o|0,2,3,2,0,0,0,0,0|0,1,1,1,0,0,0,0,0|-|3| 5|
W023  | 7| 7|4|o|o|0,1,4,1,1,0,0,0,0|1,1,0,1,1,0,0,0,0|-|4|13|
W024  | 7| 7|5|o|x|0,1,3,1,1,1,0,0,0|1,1,0,1,0,0,1,0,0|-|4|14|
W025  | 7| 7|6|x|o|0,1,1,2,1,1,1,0,0|1,0,0,1,0,0,1,0,0|-|3| 9|
W026  | 7| 7|7|o|o|0,1,1,1,1,1,1,1,0|0,1,0,0,1,0,0,1,0|-|3| 9|
W027  |10| 5|3|o|x|0,3,1,1,0,0,0,0,0|0,1,0,0,1,0,0,0,0|c|4|10|
W028  |10| 8|3|o|o|0,4,2,2,0,0,0,0,0|0,0,0,0,1,0,0,0,0|a|2| 6|
W029  |10| 8|3|x|o|0,3,3,2,0,0,0,0,0|1,0,0,1,0,0,0,0,0|a|3| 8|
W030  |10| 8|6|o|x|0,3,1,1,1,1,1,0,0|0,1,0,0,1,0,0,1,0|a|4|10|
W031  |10| 8|3|o|o|0,2,4,2,0,0,0,0,0|0,0,0,0,0,0,0,0,0|a|1| 2|
W032  |10| 8|4|o|o|0,2,2,2,2,0,0,0,0|0,1,0,0,1,0,0,0,0|a|3| 6|
W033  |10| 8|4|o|o|0,1,4,2,1,0,0,0,0|0,0,0,0,0,1,0,0,0|a|2| 6|
W034  |10| 8|5|o|o|0,1,1,4,1,1,0,0,0|1,0,0,0,0,0,1,0,0|a|3|10|
W035  |10|10|3|x|x|0,4,4,2,0,0,0,0,0|1,0,0,1,1,0,0,0,0|-|3|10|
W036  |10|10|4|x|o|0,4,4,1,1,0,0,0,0|1,0,0,1,1,0,0,0,0|-|3|10|
W037  |10|10|3|o|x|0,4,3,3,0,0,0,0,0|1,0,1,1,1,0,0,0,0|-|4|10|
W038  |10|10|3|x|x|0,4,2,4,0,0,0,0,0|1,0,1,0,1,0,0,0,0|-|3|10|
W039  |10|10|4|x|x|0,4,2,3,1,0,0,0,0|1,0,1,1,0,1,0,0,0|-|4|11|
W040  |10|10|5|x|x|0,4,1,3,1,1,0,0,0|1,0,1,1,0,0,1,0,0|-|4|12|
W041  |10|10|6|x|o|0,4,1,2,1,1,1,0,0|1,0,1,1,0,0,1,0,0|-|4|12|
W042  |10|10|5|x|o|0,4,1,2,0,3,0,0,0|1,0,1,1,1,0,0,0,0|-|4|13|
W043  |10|10|5|x|o|0,4,1,1,1,3,0,0,0|1,0,0,1,1,0,1,0,0|-|4|14|
W044  |10|10|3|x|x|0,3,4,3,0,0,0,0,0|1,1,0,1,1,0,0,0,0|-|4|10|
W045  |10|10|5|o|o|0,3,4,1,1,1,0,0,0|1,0,0,1,0,1,1,0,0|-|4|14|
W046  |10|10|4|o|x|0,3,3,3,1,0,0,0,0|0,1,1,1,1,1,0,0,0|-|5|10|
W047  |10|10|4|x|o|0,3,3,2,2,0,0,0,0|1,0,1,1,1,1,0,0,0|-|5|13|
W048  |10|10|5|o|x|0,3,3,2,1,1,0,0,0|0,1,1,1,1,0,1,0,0|-|5|11|
W049  |10|10|6|o|o|0,3,3,1,1,1,1,0,0|0,1,1,1,1,0,1,1,0|-|6|15|
W050  |10|10|4|x|o|0,3,2,4,1,0,0,0,0|1,1,1,0,1,1,0,0,0|-|5|14|
W051  |10|10|4|o|x|0,3,2,3,2,0,0,0,0|0,0,1,1,1,1,0,0,0|-|4| 9|
W052  |10|10|5|o|x|0,3,2,3,1,1,0,0,0|0,1,1,1,1,0,1,0,0|-|5|11|
W053  |10|10|6|o|x|0,3,2,2,1,1,1,0,0|0,1,1,1,1,0,0,1,0|-|5|12|
W054  |10|10|7|o|x|0,3,2,1,1,1,1,1,0|1,0,1,1,0,1,0,0,1|-|5|16|
W055  |10|10|5|o|o|0,3,1,4,1,1,0,0,0|1,1,1,0,1,1,1,0,0|-|6|18|
W056  |10|10|5|o|x|0,3,1,3,2,1,0,0,0|0,0,1,1,0,1,1,0,0|-|4|11|
W057  |10|10|5|o|o|0,3,1,3,1,2,0,0,0|0,0,0,1,1,1,0,0,0|-|3| 6|
W058  |10|10|6|o|x|0,3,1,3,1,1,1,0,0|1,1,1,1,1,0,0,1,0|-|6|16|
W059  |10|10|6|o|o|0,3,1,2,2,1,1,0,0|0,0,1,1,0,1,1,0,0|-|4|11|
W060  |10|10|5|o|o|0,3,1,2,1,3,0,0,0|0,1,1,1,1,1,0,0,0|-|5|10|
W061  |10|10|7|o|x|0,3,1,2,1,1,1,1,0|0,0,1,1,0,1,0,0,1|-|4|12|
W062  |10|10|6|o|o|0,3,1,1,2,1,2,0,0|0,0,0,1,0,1,1,0,0|-|3| 8|
W063  |10|10|6|o|o|0,3,1,1,1,3,1,0,0|0,1,0,0,1,1,1,1,0|-|5|12|
W064  |10|10|6|o|o|0,3,1,1,1,2,2,0,0|0,0,0,0,1,1,1,1,0|-|4|11|
W065  |10|10|7|o|x|0,3,1,1,1,2,1,1,0|1,0,1,1,0,1,1,0,1|-|6|19|
W066  |10|10|6|o|o|0,3,1,1,1,1,3,0,0|1,1,1,1,1,1,1,1,0|-|8|22|
W067  |10|10|7|o|x|0,3,1,1,1,1,2,1,0|0,0,0,0,0,1,1,0,1|-|3| 9|
W068-l|10|10|8|-|o|3,1,1,1,1,1,1,1,0|0,1,1,0,1,1,0,1,1|-|6|19|
W068-r|10|10|8|o|-|0,3,1,1,1,1,1,1,1|1,0,1,1,0,1,1,0,1|-|6|19|
W069  |10|10|9|-|-|3,1,1,1,1,1,1,0,1|0,0,0,0,0,0,0,1,1|-|2| 7|
W070-l|10|10|8|-|x|3,1,1,1,0,2,1,1,0|0,0,0,0,1,1,0,0,1|-|3|10|
W071  |10|10|9|-|-|3,1,1,1,0,1,1,1,1|0,0,0,0,1,1,0,0,1|-|3|10|
W072-l|10|10|8|-|o|3,1,1,1,0,1,0,3,0|0,0,0,0,1,1,1,0,0|-|3|11|
W072-r|10|10|8|o|-|0,3,1,1,1,0,1,0,3|0,0,0,0,0,1,1,1,0|-|3|11|
W073  |10|10|6|o|o|0,3,0,4,1,1,1,0,0|0,0,1,0,0,0,1,0,0|-|2| 7|
W074  |10|10|5|o|o|0,3,0,4,0,3,0,0,0|0,0,1,0,1,0,0,0,0|-|2| 8|
W075  |10|10|5|o|o|0,3,0,3,2,2,0,0,0|0,0,1,1,1,1,1,0,0|-|5|13|
W076-l|10|10|8|-|x|3,0,2,1,1,1,1,1,0|0,1,1,0,0,1,0,0,1|-|4|13|
W077  |10|10|6|o|o|0,3,0,1,1,4,1,0,0|0,0,1,1,1,0,1,1,0|-|5|17|
W078-l|10|10|8|-|x|3,0,1,1,1,2,1,1,0|0,1,1,0,0,1,0,0,1|-|4|13|
W079  |10|10|9|-|-|3,0,1,1,1,1,1,1,1|0,1,1,0,0,1,0,0,1|-|4|13|
W080-l|10|10|8|-|o|3,0,1,1,1,1,0,3,0|0,1,1,0,0,1,1,0,0|-|4|14|
W080-r|10|10|8|o|-|0,3,0,1,1,1,1,0,3|0,0,1,1,0,0,1,1,0|-|4|14|
W081  |10|10|4|o|x|0,2,4,3,1,0,0,0,0|0,1,0,1,0,1,0,0,0|-|3| 7|
W082  |10|10|5|o|x|0,2,4,2,1,1,0,0,0|1,1,0,1,1,0,1,0,0|-|5|15|
W083  |10|10|6|o|x|0,2,4,1,1,1,1,0,0|1,1,0,1,1,0,0,1,0|-|5|16|
W084  |10|10|4|x|o|0,2,3,4,1,0,0,0,0|1,1,1,0,0,1,0,0,0|-|4|11|
W085  |10|10|5|o|o|0,2,3,3,1,1,0,0,0|0,1,1,1,0,1,1,0,0|-|5|11|
W086  |10|10|6|o|o|0,2,3,3,1,0,1,0,0|0,0,0,0,0,1,1,0,0|-|2| 7|
W087  |10|10|5|o|o|0,2,3,2,1,2,0,0,0|1,0,0,1,1,0,0,0,0|-|3| 9|
W088  |10|10|5|o|o|0,2,2,4,1,1,0,0,0|1,1,1,0,0,0,1,0,0|-|4|12|
W089  |10|10|6|o|o|0,2,2,3,1,1,1,0,0|1,1,1,1,0,0,1,0,0|-|5|12|
W090  |10|10|5|o|o|0,2,2,2,2,2,0,0,0|0,1,1,0,1,1,0,0,0|-|4| 8|
W091  |10|10|6|o|x|0,2,1,4,1,1,1,0,0|0,1,1,0,1,0,0,1,0|-|4|12|
W092  |10|10|4|o|o|0,1,4,4,1,0,0,0,0|1,1,0,0,1,1,0,0,0|-|4|14|
W093  |10|10|5|x|x|0,1,4,3,1,1,0,0,0|1,1,0,1,1,0,1,0,0|-|5|15|
W094  |10|10|5|o|x|0,1,4,2,2,1,0,0,0|1,1,0,1,1,0,1,0,0|-|5|15|
W095  |10|10|6|x|o|0,1,4,2,1,1,1,0,0|1,1,0,1,1,0,1,1,0|-|6|19|
W096  |10|10|6|o|x|0,1,4,1,2,1,1,0,0|1,1,0,1,1,0,0,1,0|-|5|16|
W097  |10|10|7|o|o|0,1,4,1,1,1,1,1,0|1,1,0,1,1,0,0,1,0|-|5|16|
W098  |10|10|5|x|x|0,1,3,4,1,1,0,0,0|1,1,1,0,0,0,1,0,0|-|4|12|
W099-l|10|10|8|-|x|1,3,1,1,1,1,1,1,0|1,0,1,0,0,1,0,0,1|-|4|13|
W100  |10|10|5|o|o|0,1,2,4,2,1,0,0,0|1,0,0,0,0,0,1,0,0|-|2| 8|
W101  |10|10|6|o|x|0,1,1,4,2,1,1,0,0|0,1,1,0,1,1,0,1,0|-|5|15|
W102  |10|10|7|o|o|0,1,1,4,1,1,1,1,0|0,1,1,0,1,1,0,1,1|-|6|19|
W103  |10|10|7|x|x|0,1,1,2,3,1,1,1,0|1,0,1,1,0,1,0,0,1|-|5|16|
W104  |10|10|7|o|o|0,1,1,1,4,1,1,1,0|0,1,0,0,0,0,0,1,0|-|2| 6|
W105-r|10|10|8|x|-|0,1,1,1,3,1,1,1,1|1,0,0,1,0,1,1,0,1|-|5|16|
W106  |13| 8|3|o|o|0,4,2,2,0,0,0,0,0|0,0,0,0,1,0,0,0,0|c|3| 9|
W107  |13| 8|3|x|o|0,3,3,2,0,0,0,0,0|1,0,0,1,0,0,0,0,0|c|4|11|
W108  |13| 8|6|o|x|0,3,1,1,1,1,1,0,0|0,1,0,0,1,0,0,1,0|c|5|13|
W109  |13| 8|3|o|o|0,2,4,2,0,0,0,0,0|0,0,0,0,0,0,0,0,0|c|2| 5|
W110  |13| 8|4|o|o|0,2,2,2,2,0,0,0,0|0,1,0,0,1,0,0,0,0|c|4| 9|
W111  |13| 8|4|o|o|0,1,4,2,1,0,0,0,0|0,0,0,0,0,1,0,0,0|c|3| 9|
W112  |13| 8|5|o|o|0,1,1,4,1,1,0,0,0|1,0,0,0,0,0,1,0,0|c|4|13|
W113  |13|11|6|o|x|0,4,2,2,1,1,1,0,0|0,0,0,0,1,0,0,1,0|a|3| 9|
W114  |13|11|5|x|x|0,3,3,3,1,1,0,0,0|1,0,0,1,0,0,1,0,0|a|4|11|
W115  |13|11|6|o|x|0,2,3,3,1,1,1,0,0|0,1,0,0,1,0,0,1,0|a|4|11|
W116  |13|11|6|o|x|0,2,2,2,3,1,1,0,0|0,1,0,0,1,0,0,1,0|a|4| 9|
W117  |13|11|7|o|x|0,1,4,2,1,1,1,1,0|0,0,0,0,0,1,0,0,1|a|3| 9|
W118-l|13|11|8|-|x|1,1,4,1,1,1,1,1,0|0,0,0,0,0,1,0,0,1|a|3| 9|
W119  |13|13|4|x|x|0,4,4,4,1,0,0,0,0|1,0,0,0,1,1,0,0,0|-|3|11|
W120  |13|13|5|o|x|0,4,4,3,1,1,0,0,0|1,0,0,1,1,0,1,0,0|-|4|12|
W121  |13|13|4|x|x|0,4,4,2,3,0,0,0,0|1,0,0,1,1,1,0,0,0|-|4|11|
W122  |13|13|5|x|x|0,4,4,2,2,1,0,0,0|1,0,0,1,1,0,1,0,0|-|4|12|
W123  |13|13|6|o|o|0,4,4,2,1,1,1,0,0|1,0,0,1,1,0,1,1,0|-|5|16|
W124  |13|13|6|x|x|0,4,4,1,2,1,1,0,0|1,0,0,1,1,0,0,1,0|-|4|13|
W125  |13|13|7|x|o|0,4,4,1,1,1,1,1,0|1,0,0,1,1,0,0,1,0|-|4|13|
W126  |13|13|6|x|o|0,4,4,1,1,0,3,0,0|1,0,0,1,1,1,0,0,0|-|4|14|
W127  |13|13|4|o|x|0,4,3,4,2,0,0,0,0|1,0,1,0,1,1,0,0,0|-|4|11|
W128  |13|13|5|x|x|0,4,3,4,1,1,0,0,0|1,0,1,0,1,0,1,0,0|-|4|12|
W129  |13|13|6|o|x|0,4,3,3,1,1,1,0,0|1,0,1,1,1,0,0,1,0|-|5|13|
W130  |13|13|5|o|o|0,4,2,4,2,1,0,0,0|1,0,1,0,0,1,1,0,0|-|4|13|
W131  |13|13|6|x|x|0,4,2,4,1,1,1,0,0|1,0,1,0,1,0,0,1,0|-|4|13|
W132  |13|13|6|x|o|0,4,2,3,2,1,1,0,0|1,0,1,1,0,1,1,0,0|-|5|13|
W133  |13|13|5|x|o|0,4,2,3,1,3,0,0,0|1,0,1,1,1,1,0,0,0|-|5|11|
W134  |13|13|7|x|x|0,4,2,3,1,1,1,1,0|1,0,1,1,0,1,0,0,1|-|5|14|
W135  |13|13|6|x|o|0,4,2,2,2,1,2,0,0|1,0,0,1,0,1,1,0,0|-|4|11|
W136  |13|13|6|o|x|0,4,2,2,1,3,1,0,0|0,0,0,0,1,1,1,1,0|-|4|11|
W137  |13|13|6|o|o|0,4,2,2,1,1,3,0,0|1,0,1,1,1,1,1,1,0|-|7|19|
W138  |13|13|5|o|o|0,4,1,4,2,2,0,0,0|1,0,1,0,1,1,1,0,0|-|5|15|
W139  |13|13|5|o|x|0,4,1,4,1,3,0,0,0|1,0,1,0,1,1,1,0,0|-|5|15|
W140  |13|13|5|x|o|0,4,1,3,3,2,0,0,0|1,0,0,1,1,1,0,0,0|-|4| 8|
W141  |13|13|5|x|x|0,4,1,3,1,4,0,0,0|1,0,1,1,1,0,1,0,0|-|5|15|
W142  |13|13|6|x|o|0,4,1,2,1,4,1,0,0|1,0,1,1,1,0,1,1,0|-|6|19|
W143-r|13|13|8|x|-|0,4,1,2,1,1,1,0,3|1,0,1,1,0,0,1,1,0|-|5|16|
W144-r|13|13|8|x|-|0,4,1,2,0,1,1,1,3|1,0,1,1,1,0,0,0,0|-|4|13|
W145  |13|13|6|x|x|0,4,1,1,2,4,1,0,0|1,0,0,1,1,0,1,1,0|-|5|16|
W146  |13|13|7|x|o|0,4,1,1,1,4,1,1,0|1,0,0,1,1,0,1,1,0|-|5|16|
W147  |13|13|6|x|o|0,4,1,1,1,3,3,0,0|1,0,0,1,1,1,1,0,0|-|5|12|
W148-r|13|13|8|x|-|0,4,1,1,1,1,1,1,3|1,0,0,1,1,0,1,1,0|-|5|16|
W149  |13|13|5|x|o|0,3,4,4,1,1,0,0,0|1,1,0,0,1,1,1,0,0|-|5|15|
W150  |13|13|4|x|x|0,3,4,3,3,0,0,0,0|1,1,0,1,1,1,0,0,0|-|5|11|
W151  |13|13|5|o|x|0,3,4,3,2,1,0,0,0|0,1,0,1,1,1,1,0,0|-|5|11|
W152  |13|13|5|x|o|0,3,4,3,1,2,0,0,0|1,0,0,1,1,1,0,0,0|-|4|10|
W153  |13|13|6|x|x|0,3,4,3,1,1,1,0,0|1,1,0,1,1,0,0,1,0|-|5|13|
W154  |13|13|6|o|o|0,3,4,2,2,1,1,0,0|0,1,0,1,1,1,1,1,0|-|6|15|
W155  |13|13|7|o|x|0,3,4,2,1,1,1,1,0|0,1,0,1,1,1,0,0,1|-|5|13|
W156  |13|13|7|o|x|0,3,4,1,1,2,1,1,0|1,0,0,1,0,1,1,0,1|-|5|16|
W157  |13|13|6|o|o|0,3,4,1,1,1,3,0,0|1,1,0,1,1,1,1,1,0|-|7|19|
W158-l|13|13|8|-|o|3,4,1,1,1,1,1,1,0|0,0,1,0,1,1,0,1,1|-|5|16|
W158-r|13|13|8|o|-|0,3,4,1,1,1,1,1,1|1,0,0,1,0,1,1,0,1|-|5|16|
W159  |13|13|5|o|o|0,3,3,4,2,1,0,0,0|0,1,1,0,1,1,1,0,0|-|5|11|
W160  |13|13|6|o|o|0,3,3,4,1,1,1,0,0|1,1,1,0,1,0,1,1,0|-|6|16|
W161  |13|13|5|x|x|0,3,3,3,3,1,0,0,0|1,0,1,1,1,1,1,0,0|-|6|14|
W162  |13|13|5|o|o|0,3,3,3,2,2,0,0,0|0,1,1,1,1,1,1,0,0|-|6|11|
W163  |13|13|6|o|x|0,3,3,3,2,1,1,0,0|0,1,1,1,1,1,0,1,0|-|6|12|
W164  |13|13|5|o|o|0,3,3,3,1,3,0,0,0|1,1,1,1,1,1,1,0,0|-|7|15|
W165  |13|13|7|o|o|0,3,3,3,1,1,1,1,0|0,1,1,1,1,1,0,1,1|-|7|16|
W166  |13|13|5|x|o|0,3,3,2,3,2,0,0,0|1,0,0,1,1,1,1,0,0|-|5|13|
W167  |13|13|6|x|x|0,3,3,2,3,1,1,0,0|1,0,1,1,1,1,0,1,0|-|6|15|
W168  |13|13|7|x|x|0,3,3,2,2,1,1,1,0|1,0,1,1,1,1,0,0,1|-|6|16|
W169  |13|13|6|x|o|0,3,3,2,1,1,3,0,0|1,1,1,1,1,0,1,0,0|-|6|12|
W170-l|13|13|8|-|x|3,3,2,1,1,1,1,1,0|1,1,1,1,0,1,0,0,1|-|6|14|
W171-l|13|13|8|-|x|3,3,1,1,1,2,1,1,0|1,1,1,1,0,1,1,0,1|-|7|17|
W172  |13|13|9|-|-|3,3,1,1,1,1,1,1,1|1,1,1,1,0,1,1,0,1|-|7|17|
W173  |13|13|5|o|o|0,3,2,4,3,1,0,0,0|0,0,1,0,1,1,1,0,0|-|4|10|
W174  |13|13|5|o|o|0,3,2,4,2,2,0,0,0|0,1,1,0,1,1,1,0,0|-|5|11|
W175  |13|13|6|x|x|0,3,2,4,2,1,1,0,0|1,1,1,0,1,1,0,1,0|-|6|16|
W176  |13|13|7|x|x|0,3,2,4,1,1,1,1,0|1,1,1,0,1,1,0,0,1|-|6|17|
W177  |13|13|6|o|o|0,3,2,3,3,1,1,0,0|0,0,1,1,1,1,1,1,0|-|6|14|
W178  |13|13|6|o|x|0,3,2,3,2,2,1,0,0|0,1,1,1,1,0,1,1,0|-|6|13|
W179  |13|13|6|o|o|0,3,2,3,2,1,2,0,0|0,1,0,0,1,1,1,0,0|-|4| 8|
W180  |13|13|7|o|x|0,3,2,3,2,1,1,1,0|0,0,1,1,1,1,0,0,1|-|5|12|
W181-l|13|13|8|-|x|3,2,3,1,1,1,1,1,0|1,1,1,1,0,1,0,0,1|-|6|14|
W182  |13|13|6|o|o|0,3,2,2,2,2,2,0,0|0,1,1,1,1,1,1,1,0|-|7|15|
W183  |13|13|7|x|x|0,3,2,1,1,4,1,1,0|1,0,1,1,0,0,0,0,1|-|4|13|
W184  |13|13|5|x|o|0,3,1,4,4,1,0,0,0|1,1,1,0,0,1,1,0,0|-|5|15|
W185  |13|13|5|o|x|0,3,1,4,3,2,0,0,0|0,1,1,0,1,1,1,0,0|-|5|11|
W186  |13|13|6|o|x|0,3,1,4,2,2,1,0,0|1,1,1,0,1,1,1,1,0|-|7|19|
W187  |13|13|7|o|x|0,3,1,4,1,2,1,1,0|1,1,1,0,1,1,1,0,1|-|7|20|
W188  |13|13|6|o|x|0,3,1,4,1,1,3,0,0|1,1,1,0,1,1,1,1,0|-|7|19|
W189-l|13|13|8|-|o|3,1,4,1,1,1,1,1,0|1,1,0,1,1,1,0,1,1|-|7|20|
W189-r|13|13|8|o|-|0,3,1,4,1,1,1,1,1|1,1,1,0,1,1,1,0,1|-|7|20|
W190  |13|13|6|x|o|0,3,1,3,4,1,1,0,0|1,1,1,1,0,0,0,1,0|-|5|13|
W191  |13|13|6|o|x|0,3,1,3,2,3,1,0,0|0,0,0,1,1,1,0,1,0|-|4| 8|
W192  |13|13|6|o|o|0,3,1,3,2,2,2,0,0|1,1,1,1,1,0,1,1,0|-|7|17|
W193  |13|13|7|o|x|0,3,1,3,2,2,1,1,0|0,0,1,1,0,1,1,0,1|-|5|13|
W194-l|13|13|8|-|x|3,1,3,2,1,1,1,1,0|0,1,1,0,1,1,0,0,1|-|5|14|
W195  |13|13|7|o|x|0,3,1,3,1,3,1,1,0|0,0,0,1,1,1,0,0,1|-|4| 9|
W196  |13|13|6|o|o|0,3,1,2,2,4,1,0,0|0,1,1,1,1,0,1,1,0|-|6|15|
W197  |13|13|6|o|o|0,3,1,2,2,3,2,0,0|0,0,1,0,1,1,1,1,0|-|5|12|
W198  |13|13|7|o|x|0,3,1,2,2,2,2,1,0|0,0,1,1,0,1,1,0,1|-|5|13|
W199-l|13|13|8|-|x|3,1,2,2,1,2,1,1,0|0,1,1,0,1,1,0,0,1|-|5|14|
W200  |13|13|9|-|-|3,1,2,2,1,1,1,1,1|0,1,1,0,1,1,0,0,1|-|5|14|
W201-l|13|13|8|-|o|3,1,2,2,1,1,0,3,0|0,1,1,0,1,1,1,0,0|-|5|15|
W201-r|13|13|8|o|-|0,3,1,2,2,1,1,0,3|0,0,1,1,0,1,1,1,0|-|5|15|
W202  |13|13|7|o|x|0,3,1,2,1,4,1,1,0|0,1,1,1,1,0,0,0,1|-|5|13|
W203-l|13|13|8|-|o|3,1,2,1,1,1,1,3,0|1,1,1,1,1,0,0,1,0|-|6|13|
W203-r|13|13|8|o|-|0,3,1,2,1,1,1,1,3|0,1,1,1,1,1,0,0,1|-|6|13|
W204  |13|13|6|o|o|0,3,1,1,3,3,2,0,0|1,1,1,1,1,1,1,0,0|-|7|15|
W205  |13|13|7|o|x|0,3,1,1,2,2,3,1,0|0,0,0,1,0,1,1,0,1|-|4|10|
W206-l|13|13|8|-|x|3,1,1,2,1,3,1,1,0|0,0,1,0,1,1,0,0,1|-|4|11|
W207  |13|13|9|-|-|3,1,1,2,1,2,1,1,1|0,0,1,0,1,1,0,0,1|-|4|11|
W208-l|13|13|8|-|o|3,1,1,2,1,2,0,3,0|0,0,1,0,1,1,1,0,0|-|4|12|
W208-r|13|13|8|o|-|0,3,1,1,2,1,2,0,3|0,0,0,1,0,1,1,1,0|-|4|12|
W209-l|13|13|8|-|o|3,1,1,1,4,1,1,1,0|0,1,1,0,0,1,0,1,1|-|5|16|
W209-r|13|13|8|o|-|0,3,1,1,1,4,1,1,1|1,0,1,1,0,0,1,0,1|-|5|16|
W210  |13|13|7|o|x|0,3,1,1,1,3,3,1,0|0,0,0,0,1,1,1,1,1|-|5|12|
W211  |13|13|7|o|o|0,3,1,1,1,3,2,2,0|1,0,1,1,0,1,1,1,1|-|7|19|
W212-l|13|13|8|-|x|3,1,1,1,3,2,1,1,0|1,0,0,1,1,1,1,0,1|-|6|14|
W213  |13|13|9|-|-|3,1,1,1,3,1,1,1,1|1,0,0,1,1,1,1,0,1|-|6|14|
W214  |13|13|7|o|o|0,3,1,1,1,2,4,1,0|1,1,1,1,1,1,0,1,1|-|8|23|
W215  |13|13|7|o|x|0,3,1,1,1,2,3,2,0|0,0,0,0,0,1,1,1,1|-|4| 9|
W216-l|13|13|8|-|x|3,1,1,1,2,3,1,1,0|0,0,0,1,1,1,1,0,1|-|5|13|
W217-l|13|13|8|-|o|3,1,1,1,1,4,1,1,0|1,1,1,1,1,0,1,1,1|-|8|23|
W217-r|13|13|8|o|-|0,3,1,1,1,1,4,1,1|1,1,1,1,1,1,0,1,1|-|8|23|
W218-l|13|13|8|-|x|3,1,1,1,1,3,2,1,0|0,0,0,0,1,1,0,1,1|-|4|11|
W219-l|13|13|8|-|o|3,1,1,1,1,3,1,2,0|0,0,0,0,0,1,1,1,0|-|3| 6|
W219-r|13|13|8|o|-|0,3,1,1,1,1,3,1,2|0,0,0,0,0,0,1,1,1|-|3| 6|
W220  |13|13|9|-|-|3,1,1,1,1,2,2,1,1|0,0,0,0,1,1,0,1,1|-|4|11|
W221  |13|13|9|-|-|3,1,1,1,1,1,2,1,2|0,0,0,0,0,1,0,1,1|-|3| 8|
W222  |13|13|9|-|-|3,1,1,1,1,1,1,3,1|1,0,0,1,0,0,1,1,1|-|5|11|
W223  |13|13|9|-|-|3,1,1,1,1,1,1,2,2|0,0,0,0,0,0,1,1,1|-|3| 7|
W224  |13|13|9|-|-|3,1,1,1,1,1,1,1,3|1,1,1,1,1,1,1,1,1|-|9|23|
W225  |13|13|9|-|-|3,1,1,1,0,4,1,1,1|0,0,0,0,1,0,0,0,1|-|2| 7|
W226-l|13|13|8|-|o|3,1,1,1,0,4,0,3,0|0,0,0,0,1,0,1,0,0|-|2| 8|
W226-r|13|13|8|o|-|0,3,1,1,1,0,4,0,3|0,0,0,0,0,1,0,1,0|-|2| 8|
W227-l|13|13|8|-|o|3,1,1,1,0,3,2,2,0|0,0,0,0,1,1,1,1,1|-|5|13|
W227-r|13|13|8|o|-|0,3,1,1,1,0,3,2,2|0,0,0,0,0,1,1,1,1|-|4| 9|
W228  |13|13|9|-|-|3,1,1,1,0,1,1,4,1|0,0,0,0,1,1,1,0,1|-|4|13|
W229  |13|13|6|o|o|0,3,0,4,1,4,1,0,0|0,0,1,0,1,0,1,1,0|-|4|14|
W230-l|13|13|8|-|x|3,0,4,1,1,2,1,1,0|0,1,0,0,0,1,0,0,1|-|3|10|
W231  |13|13|9|-|-|3,0,4,1,1,1,1,1,1|0,1,0,0,0,1,0,0,1|-|3|10|
W232-l|13|13|8|-|o|3,0,4,1,1,1,0,3,0|0,1,0,0,0,1,1,0,0|-|3|11|
W232-r|13|13|8|o|-|0,3,0,4,1,1,1,0,3|0,0,1,0,0,0,1,1,0|-|3|11|
W233  |13|13|6|o|x|0,3,0,3,3,3,1,0,0|0,0,1,1,1,1,1,1,0|-|6|14|
W234  |13|13|7|o|x|0,3,0,3,2,3,1,1,0|0,0,1,1,1,1,1,0,1|-|6|15|
W235-l|13|13|8|-|x|3,0,3,2,2,1,1,1,0|0,1,1,1,1,1,0,0,1|-|6|16|
W236-l|13|13|8|-|x|3,0,2,1,4,1,1,1,0|0,1,1,1,0,1,0,0,1|-|5|16|
W237-l|13|13|8|-|x|3,0,1,1,4,2,1,1,0|0,1,1,1,0,1,1,0,1|-|6|19|
W238  |13|13|9|-|-|3,0,1,1,4,1,1,1,1|0,1,1,1,0,1,1,0,1|-|6|19|
W239  |13|13|9|-|-|3,0,1,1,1,4,1,1,1|0,1,1,0,0,0,0,0,1|-|3|10|
W240-l|13|13|8|-|o|3,0,1,1,1,3,2,2,0|0,1,1,0,0,1,1,1,1|-|6|16|
W240-r|13|13|8|o|-|0,3,0,1,1,1,3,2,2|0,0,1,1,0,0,1,1,1|-|5|12|
W241  |13|13|9|-|-|3,0,1,1,1,1,1,4,1|0,1,1,0,0,1,1,0,1|-|5|16|
W242-l|13|13|8|-|o|3,0,1,0,1,3,3,2,0|0,1,1,1,0,0,0,0,0|-|3|11|
W242-r|13|13|8|o|-|0,3,0,1,0,1,3,3,2|0,0,1,1,1,0,0,0,0|-|3|11|
W243  |13|13|6|x|x|0,2,4,4,1,1,1,0,0|1,1,0,0,1,0,0,1,0|-|4|13|
W244  |13|13|7|o|x|0,2,4,3,1,1,1,1,0|0,1,0,1,0,1,0,0,1|-|4|10|
W245  |13|13|5|o|x|0,2,4,2,3,2,0,0,0|0,0,0,1,0,1,1,0,0|-|3| 8|
W246  |13|13|6|o|x|0,2,4,2,2,2,1,0,0|1,1,0,1,1,0,1,1,0|-|6|17|
W247  |13|13|6|o|o|0,2,4,2,2,1,2,0,0|0,1,0,0,0,1,1,0,0|-|3| 7|
W248  |13|13|7|o|x|0,2,4,2,2,1,1,1,0|0,1,0,0,1,1,0,0,1|-|4|11|
W249-l|13|13|8|-|x|2,4,2,1,1,1,1,1,0|1,0,1,1,0,1,0,0,1|-|5|14|
W250  |13|13|6|x|x|0,2,4,1,4,1,1,0,0|1,1,0,1,0,0,0,1,0|-|4|13|
W251  |13|13|5|o|o|0,2,3,4,2,2,0,0,0|0,1,1,0,0,1,1,0,0|-|4| 9|
W252  |13|13|6|o|o|0,2,3,4,2,1,1,0,0|1,1,1,0,0,1,1,0,0|-|5|13|
W253  |13|13|7|x|x|0,2,3,4,1,1,1,1,0|1,1,1,0,0,1,0,0,1|-|5|14|
W254  |13|13|5|x|o|0,2,3,3,4,1,0,0,0|1,1,1,1,0,1,1,0,0|-|6|15|
W255  |13|13|6|o|o|0,2,3,3,2,1,2,0,0|1,0,0,1,0,1,1,0,0|-|4|10|
W256  |13|13|6|o|o|0,2,3,3,1,3,1,0,0|0,1,0,0,1,1,1,1,0|-|5|13|
W257  |13|13|6|o|o|0,2,3,3,1,2,2,0,0|0,0,0,0,1,1,1,1,0|-|4|11|
W258  |13|13|7|o|x|0,2,3,3,1,2,1,1,0|0,1,1,1,0,1,1,0,1|-|6|13|
W259  |13|13|7|o|x|0,2,3,3,1,1,2,1,0|0,0,0,0,0,1,1,0,1|-|3| 9|
W260-l|13|13|8|-|o|2,3,3,1,1,1,1,1,0|1,1,1,0,1,1,0,1,1|-|7|17|
W260-r|13|13|8|o|-|0,2,3,3,1,1,1,1,1|0,1,1,1,0,1,1,0,1|-|6|13|
W261  |13|13|9|-|-|2,3,3,1,1,1,1,0,1|0,0,0,0,0,0,0,1,1|-|2| 7|
W262-l|13|13|8|-|x|2,3,3,1,0,2,1,1,0|0,0,0,0,1,1,0,0,1|-|3|10|
W263  |13|13|9|-|-|2,3,3,1,0,1,1,1,1|0,0,0,0,1,1,0,0,1|-|3|10|
W264  |13|13|6|o|x|0,2,3,2,2,3,1,0,0|1,0,0,1,1,0,0,1,0|-|4|12|
W265  |13|13|6|o|o|0,2,3,2,2,2,2,0,0|0,1,1,1,0,0,1,0,0|-|4| 7|
W266  |13|13|5|o|o|0,2,2,4,4,1,0,0,0|1,1,1,0,0,1,1,0,0|-|5|15|
W267-l|13|13|8|-|x|2,2,4,1,1,1,1,1,0|1,1,0,0,0,1,0,0,1|-|4|11|
W268  |13|13|6|o|o|0,2,2,3,4,1,1,0,0|1,1,1,1,0,1,1,0,0|-|6|15|
W269  |13|13|7|o|x|0,2,2,3,3,1,1,1,0|1,1,1,1,0,1,0,0,1|-|6|16|
W270  |13|13|6|o|o|0,2,2,3,1,4,1,0,0|1,1,1,1,1,0,1,1,0|-|7|19|
W271-l|13|13|8|-|x|2,2,3,1,1,2,1,1,0|1,1,1,0,0,1,0,0,1|-|5|11|
W272  |13|13|9|-|-|2,2,3,1,1,1,1,1,1|1,1,1,0,0,1,0,0,1|-|5|11|
W273  |13|13|6|o|o|0,2,2,2,3,3,1,0,0|0,1,1,0,1,1,1,1,0|-|6|13|
W274  |13|13|7|o|x|0,2,2,2,2,3,1,1,0|0,1,1,0,1,1,0,0,1|-|5|11|
W275-l|13|13|8|-|x|2,1,2,3,2,1,1,1,0|0,1,1,0,0,1,0,0,1|-|4|12|
W276  |13|13|6|o|x|0,1,4,4,2,1,1,0,0|1,1,0,0,1,1,0,1,0|-|5|16|
W277  |13|13|7|o|o|0,1,4,4,1,1,1,1,0|1,1,0,0,1,1,0,1,1|-|6|20|
W278  |13|13|5|o|o|0,1,4,3,4,1,0,0,0|1,1,0,1,0,1,1,0,0|-|5|15|
W279  |13|13|6|o|x|0,1,4,3,3,1,1,0,0|1,0,0,1,1,1,0,1,0|-|5|13|
W280  |13|13|7|o|x|0,1,4,3,2,1,1,1,0|1,0,0,1,1,1,0,0,1|-|5|14|
W281  |13|13|6|o|o|0,1,4,2,4,1,1,0,0|1,1,0,1,0,1,1,1,0|-|6|19|
W282  |13|13|6|o|x|0,1,4,2,3,2,1,0,0|1,1,0,1,1,0,1,1,0|-|6|17|
W283  |13|13|7|o|x|0,1,4,2,3,1,1,1,0|1,1,0,1,1,1,0,0,1|-|6|17|
W284  |13|13|7|o|o|0,1,4,2,2,2,1,1,0|1,1,0,1,1,0,1,1,0|-|6|17|
W285-l|13|13|8|-|x|1,4,2,2,1,1,1,1,0|1,0,1,1,0,1,0,0,1|-|5|14|
W286  |13|13|7|o|x|0,1,4,2,1,1,3,1,0|0,0,0,0,0,1,1,1,1|-|4|11|
W287  |13|13|7|o|o|0,1,4,1,4,1,1,1,0|1,1,0,1,0,0,0,1,0|-|4|13|
W288  |13|13|7|o|o|0,1,4,1,1,1,4,1,0|1,1,0,1,1,1,0,1,1|-|7|23|
W289  |13|13|6|o|o|0,1,3,4,3,1,1,0,0|1,0,1,0,1,0,1,1,0|-|5|13|
W290-l|13|13|8|-|x|1,3,4,1,1,1,1,1,0|1,1,0,0,0,1,0,0,1|-|4|11|
W291  |13|13|6|x|x|0,1,3,3,4,1,1,0,0|1,1,1,1,0,0,0,1,0|-|5|13|
W292  |13|13|7|x|o|0,1,3,3,3,1,1,1,0|1,1,1,1,1,0,0,1,0|-|6|13|
W293  |13|13|7|x|x|0,1,3,2,4,1,1,1,0|1,0,1,1,0,1,0,0,1|-|5|14|
W294-l|13|13|8|-|o|1,3,1,1,1,4,1,1,0|1,1,1,0,0,0,0,0,1|-|4|11|
W294-r|13|13|8|o|-|0,1,3,1,1,1,4,1,1|1,1,1,1,0,0,0,0,0|-|4|11|
W295  |13|13|7|x|x|0,1,2,2,4,2,1,1,0|1,0,1,1,0,1,1,0,1|-|6|17|
W296-r|13|13|8|x|-|0,1,2,2,4,1,1,1,1|1,0,1,1,0,1,1,0,1|-|6|17|
W297  |13|13|7|o|o|0,1,1,4,4,1,1,1,0|0,1,1,0,0,1,0,1,1|-|5|16|
W298  |13|13|7|o|x|0,1,1,4,3,2,1,1,0|1,0,0,0,1,1,1,0,1|-|5|14|
W299-l|13|13|8|-|o|1,1,4,3,1,1,1,1,0|0,0,0,1,1,1,0,1,1|-|5|14|
W299-r|13|13|8|o|-|0,1,1,4,3,1,1,1,1|1,0,0,0,1,1,1,0,1|-|5|14|
W300  |13|13|7|o|x|0,1,1,4,2,3,1,1,0|1,0,0,0,1,1,1,0,1|-|5|14|
W301-l|13|13|8|-|x|1,1,4,2,2,1,1,1,0|0,0,0,1,1,1,0,0,1|-|4|11|
W302  |13|13|7|o|o|0,1,1,4,1,4,1,1,0|1,1,1,0,1,0,1,1,1|-|7|23|
W303-l|13|13|8|-|x|1,1,4,1,3,1,1,1,0|1,1,0,1,1,1,0,0,1|-|6|17|
W304  |13|13|7|x|x|0,1,1,3,4,2,1,1,0|1,0,1,1,0,1,1,0,1|-|6|17|
W305  |13|13|7|o|o|0,1,1,3,3,3,1,1,0|1,1,0,1,1,1,0,1,1|-|7|17|
W306-r|13|13|8|x|-|0,1,1,3,2,3,1,1,1|1,0,1,1,1,1,0,0,1|-|6|14|
W307-r|13|13|8|x|-|0,1,1,2,4,2,1,1,1|1,0,1,1,0,1,1,0,1|-|6|17|
W308-l|13|13|8|-|x|1,1,1,4,3,1,1,1,0|1,0,1,0,0,1,0,0,1|-|4|13|
